Mens,Womens,Teens
Shoe,Shoe,Shoe
Watch,Watch,Watch
Jeans,Jeans,Jeans
Hoodie,Hoodie,Hoodie
